0.1    6.3
0.11    6.64
0.12    6.96
0.13    7.26
0.14    7.56
0.15    7.84
0.16    8.12
0.17    8.38
0.18    8.64
0.2    9.13
0.225    9.72
0.25    10.28
0.275    10.82
0.3    11.35
0.325    11.87
0.35    12.37
0.375    12.88
0.4    13.38
0.45    14.38
0.5    15.39
0.55    16.42
0.6    17.47
0.65    18.56
0.7    19.68
0.8    22.03
0.9    24.54
1    27.23
1.1    30.09
1.2    33.14
1.3    36.36
1.4    39.77
1.5    43.35
1.6    47.11
1.7    51.04
1.8    55.14
2    63.86
2.25    75.71
2.5    88.59
2.75    102.5
3    117.41
3.25    133.32
3.5    150.22
3.75    168.1
4    186.95
4.5    227.52
5    271.92
5.5    320.12
6    372.08
6.5    427.46
7    486.12
8    613.87
9    755.61
10    911
